4,110.00,0.00
9,52.48,110.00
13,110.00,37.73
18,110.00,32.22
22,110.00,0.00
27,101.33,110.00
42,109.88,110.00
62,110.00,0.00
78,0.00,110.00
95,0.00,110.00
112,110.00,0.00
130,110.00,0.00
147,110.00,0.00
164,110.00,0.00
183,0.00,110.00
200,0.00,110.00
218,0.00,110.00
235,110.00,0.00
253,110.00,0.00
271,0.00,110.00
288,0.00,110.00
306,110.00,0.00
324,110.00,0.00
341,110.00,0.00
359,110.00,0.00
376,0.00,110.00
395,0.00,110.00
412,110.00,0.00
430,110.00,0.00
448,110.00,0.00
465,110.00,0.00
483,110.00,0.00
500,110.00,0.00
519,110.00,0.00
536,0.00,110.00
553,0.00,110.00
571,0.00,110.00
589,110.00,0.00
607,110.00,0.00
624,110.00,0.00
642,110.00,0.00
660,110.00,0.00
677,110.00,0.00
695,110.00,0.00
713,110.00,0.00
731,110.00,0.00
748,0.00,110.00
765,0.00,110.00
784,0.00,110.00
801,0.00,110.00
819,0.00,110.00
836,0.00,110.00
855,0.00,110.00
872,0.00,110.00
889,0.00,110.00
907,0.00,110.00
925,0.00,110.00
943,0.00,110.00
960,0.00,110.00
978,0.00,110.00
996,110.00,0.00
1013,110.00,0.00
1032,110.00,0.00
1051,110.00,0.00
1070,110.00,0.00
1088,110.00,0.00
1106,110.00,0.00
1126,110.00,0.00
1144,110.00,0.00
1163,110.00,0.00
1182,110.00,0.00
1201,110.00,0.00
1219,0.00,110.00
1237,0.00,110.00
1257,0.00,110.00
1275,0.00,110.00
1294,0.00,110.00
1313,0.00,110.00
1332,110.00,0.00
1350,110.00,0.00
1369,110.00,0.00
1388,110.00,0.00
1406,110.00,0.00
1425,110.00,0.00
1443,110.00,0.00
1463,110.00,0.00
1481,110.00,0.00
1500,110.00,0.00
1519,110.00,0.00
1538,110.00,0.00
1556,110.00,0.00
1574,110.00,0.00
1594,0.00,110.00
1612,0.00,110.00
1631,0.00,110.00
1650,0.00,110.00
1669,0.00,110.00
1687,0.00,110.00
1705,0.00,110.00
1725,0.00,110.00
1743,0.00,110.00
1762,0.00,110.00
1781,110.00,0.00
1800,110.00,0.00
1818,110.00,0.00
1837,110.00,0.00
1856,110.00,0.00
1874,110.00,0.00
1893,0.00,110.00
1912,0.00,110.00
1931,0.00,110.00
1949,0.00,110.00
1968,0.00,110.00
1987,110.00,0.00
2005,110.00,0.00
2024,110.00,0.00
2042,110.00,0.00
2062,110.00,0.00
2080,110.00,0.00
2099,110.00,0.00
2118,110.00,0.00
2137,110.00,0.00
2155,110.00,0.00
2173,110.00,0.00
2193,110.00,0.00
2211,110.00,0.00
2230,110.00,0.00
2249,110.00,0.00
2268,0.00,110.00
2286,0.00,110.00
2304,0.00,110.00
2324,0.00,110.00
2342,0.00,110.00
2361,0.00,110.00
2380,0.00,110.00
2399,0.00,110.00
2417,110.00,0.00
2436,110.00,0.00
2455,110.00,0.00
2473,110.00,0.00
2492,110.00,0.00
2510,110.00,0.00
2530,110.00,0.00
2548,0.00,110.00
2567,0.00,110.00
2586,0.00,110.00
2605,0.00,110.00
2623,0.00,110.00
2642,0.00,110.00
2661,0.00,110.00
2679,110.00,0.00
2698,110.00,0.00
2717,110.00,0.00
2736,110.00,0.00
2754,110.00,0.00
2772,110.00,0.00
2792,110.00,0.00
2810,0.00,110.00
2829,0.00,110.00
2848,110.00,0.00
2867,110.00,0.00
2885,110.00,0.00
2904,0.00,110.00
2923,0.00,110.00
2941,110.00,0.00
2960,110.00,0.00
2979,110.00,0.00
2998,0.00,110.00
3016,0.00,110.00
3035,0.00,110.00
3054,110.00,0.00
3072,110.00,0.00
3091,110.00,0.00
3110,110.00,0.00
3129,110.00,0.00
3147,0.00,110.00
3166,0.00,110.00
3185,0.00,110.00
3204,110.00,0.00
3222,110.00,0.00
3241,110.00,0.00
3260,110.00,0.00
3278,110.00,0.00
3297,110.00,0.00
3316,110.00,0.00
3335,110.00,0.00
3353,110.00,0.00
3371,110.00,0.00
3391,110.00,0.00
3409,0.00,110.00
3428,0.00,110.00
3447,0.00,110.00
3466,0.00,110.00
3484,0.00,110.00
3503,110.00,0.00
3522,110.00,0.00
3540,110.00,0.00
3559,110.00,0.00
3578,0.00,110.00
3597,0.00,110.00
3615,0.00,110.00
3634,0.00,110.00
3653,0.00,110.00
3672,0.00,110.00
3690,0.00,110.00
3709,0.00,110.00
3728,110.00,0.00
3746,110.00,0.00
3765,110.00,0.00
3784,110.00,0.00
3803,110.00,0.00
3821,110.00,0.00
3840,0.00,110.00
3859,0.00,110.00
3877,0.00,110.00
3896,0.00,110.00
3915,110.00,0.00
3934,110.00,0.00
3952,110.00,0.00
3971,110.00,0.00
3990,110.00,0.00
4008,110.00,0.00
4027,110.00,0.00
4046,110.00,0.00
4065,110.00,0.00
4083,110.00,0.00
4102,110.00,0.00
4121,110.00,0.00
4139,110.00,0.00
4158,0.00,110.00
4177,0.00,110.00
4196,0.00,110.00
4214,0.00,110.00
4233,0.00,110.00
4252,0.00,110.00
4271,0.00,110.00
4289,110.00,0.00
4308,110.00,0.00
4327,110.00,0.00
4345,110.00,0.00
4364,110.00,0.00
4383,110.00,0.00
4402,110.00,0.00
4420,110.00,0.00
4440,0.00,110.00
4458,0.00,110.00
4476,0.00,110.00
4495,0.00,110.00
4514,0.00,110.00
4533,0.00,110.00
4551,0.00,110.00
4570,0.00,110.00
4589,0.00,110.00
4607,0.00,110.00
4626,0.00,110.00
4645,0.00,110.00
4664,0.00,110.00
4682,110.00,0.00
4701,110.00,0.00
4720,110.00,0.00
4739,110.00,0.00
4757,110.00,0.00
4776,110.00,0.00
4795,110.00,0.00
4813,110.00,0.00
4832,110.00,0.00
4851,110.00,0.00
4870,0.00,110.00
4888,110.00,0.00
4907,110.00,0.00
4926,110.00,110.00
4946,110.00,110.00
4967,110.00,110.00
4988,110.00,97.51
5008,110.00,0.00
5026,0.00,110.00
5046,110.00,110.00
5066,110.00,110.00
5087,110.00,110.00
5108,110.00,110.00
5129,110.00,110.00
5149,110.00,110.00
5170,110.00,110.00
5191,110.00,110.00
5212,110.00,110.00
5232,110.00,110.00
5254,110.00,110.00
5274,110.00,110.00
5295,110.00,110.00
5316,110.00,110.00
5337,110.00,110.00
5357,110.00,110.00
5379,110.00,110.00
5399,110.00,110.00
5419,110.00,110.00
5441,110.00,110.00
